32 32 32 32 32 32 35 35 32 32 32 32 32 35 35 35 35 32 32 32 32 32 32 32 32 32 32 32 35 32 32 32 32 32 32 32 35 32 32 32 32 32 35 35 32 32 01 01 32 32 32 32 32 32 32 32 35 35 32 32 32 32 32 32
32 32 35 35 32 32 32 32 32 32 32 35 35 01 01 32 32 35 35 01 01 32 32 32 32 35 32 35 35 35 32 32 32 32 32 35 35 35 32 32 35 35 35 35 35 01 01 01 01 32 32 32 32 32 35 35 35 35 35 32 32 32 32 32
32 35 35 32 32 32 35 32 32 35 35 35 01 01 01 35 35 35 01 01 35 35 32 32 35 35 35 35 35 35 35 32 32 35 35 35 35 35 35 35 35 35 35 35 35 35 32 01 01 35 32 32 35 35 35 01 01 35 35 35 35 32 32 32
32 32 32 32 35 35 35 35 32 32 35 35 35 01 01 01 35 35 35 32 32 35 35 32 32 35 35 35 35 32 32 32 32 32 32 35 35 32 32 32 32 32 32 35 35 35 35 35 35 35 32 32 32 35 01 01 01 01 35 35 35 35 32 32
32 32 35 35 35 35 35 35 35 32 32 32 35 35 01 01 35 35 32 32 32 32 32 32 32 32 32 32 32 32 32 2E 2E 32 32 32 32 32 35 35 35 35 32 32 32 32 01 01 01 35 35 32 32 32 35 35 01 01 01 01 35 35 35 32
32 32 01 01 35 35 35 35 35 35 35 32 32 35 35 35 32 32 32 35 35 35 35 35 35 35 35 35 35 32 2E 2E 2E 2E 32 35 35 35 35 35 35 35 35 35 35 32 32 01 01 01 35 35 35 35 35 35 35 01 01 35 35 35 35 35
32 32 32 01 01 01 35 35 35 35 35 35 32 35 32 32 32 35 35 35 35 35 35 01 01 07 07 07 07 07 07 2E 2E 07 07 07 07 07 07 32 32 35 35 35 35 35 32 32 32 32 32 35 35 35 35 35 35 35 35 32 35 35 35 35
35 01 32 26 26 01 01 35 35 35 35 35 32 32 32 35 35 35 35 35 35 07 07 07 07 07 07 07 07 07 07 2E 2E 07 07 07 07 07 07 07 07 07 07 35 35 35 35 35 01 35 32 32 35 01 01 35 35 35 32 32 32 35 32 32
01 01 26 26 26 01 01 35 35 35 35 32 32 35 35 35 35 32 07 07 07 07 07 07 07 07 07 4A 07 07 07 2E 2E 07 07 07 4A 07 07 07 07 07 07 07 07 07 35 01 01 01 35 32 32 35 01 01 01 35 35 32 32 32 32 32
01 01 26 26 01 01 35 35 35 35 32 32 35 35 35 35 07 07 07 07 07 07 07 07 07 07 07 2E 07 07 24 2E 2E 24 07 07 2E 07 01 01 01 07 07 07 07 07 07 07 01 01 01 35 32 35 01 01 01 01 35 35 32 32 32 32
01 01 01 01 01 35 35 35 32 32 32 35 35 35 07 07 07 07 07 07 07 2F 32 2F 32 2F 07 2E 2E 02 2E 2E 2E 2E 02 2E 2E 07 01 01 35 35 01 01 07 07 07 07 07 07 35 35 32 32 32 01 01 35 35 32 32 32 32 32
32 01 01 35 35 35 35 32 32 35 35 35 35 07 07 07 07 07 07 07 07 32 32 32 32 32 07 07 07 07 24 2E 2E 24 07 07 07 07 01 35 35 32 32 01 01 01 07 07 07 07 07 35 35 35 32 32 35 35 35 35 32 32 32 32
32 32 35 35 35 35 32 35 35 35 35 35 07 07 07 07 07 07 32 32 32 32 32 06 32 2F 07 07 07 07 2E 2E 2E 2E 07 07 07 07 01 01 01 35 35 32 35 01 35 35 07 07 07 07 35 01 01 32 01 01 35 35 35 32 32 32
32 32 32 35 35 35 32 35 35 35 35 07 07 07 07 07 07 07 32 07 07 32 32 32 32 32 07 07 07 07 24 2E 2E 24 07 07 07 07 01 01 01 01 01 32 32 32 32 35 07 07 07 07 07 01 01 32 32 01 01 35 35 32 32 32
35 35 32 35 35 32 32 35 35 35 07 07 07 07 35 2F 35 07 32 07 07 2F 32 2F 32 2F 07 07 07 07 07 2E 2E 07 07 07 07 07 07 07 07 07 07 07 07 30 07 07 07 07 07 07 07 07 01 01 32 01 01 01 35 35 35 32
35 32 32 32 35 32 35 35 35 35 07 07 07 35 35 35 35 07 25 07 07 07 07 07 07 07 07 07 07 07 07 2E 2E 07 07 07 07 2A 2A 2A 07 07 07 2E 2E 2E 2E 2E 2E 07 07 07 07 07 01 01 32 32 01 35 35 35 35 35
32 32 35 35 35 32 35 35 35 07 07 07 35 2F 35 2F 35 32 32 07 CB CB CB 37 2E 37 CB CB CB 07 07 2E 2E 07 07 07 2A 2A 2A 3B 2A 07 07 2E 2E 2E 2E 2E 2E 07 07 07 07 07 07 01 35 32 35 35 35 35 32 32
32 35 35 35 35 32 35 35 35 07 07 07 35 35 35 35 32 32 35 07 CB 07 07 07 09 07 07 07 CB 07 2E 2E 2E 2E 07 07 07 07 09 07 07 07 07 2E 2E 2E 2E 2E 2E 07 07 07 07 07 07 35 35 32 35 32 32 32 32 32
35 35 35 35 32 32 35 35 07 07 07 2F 35 2F 35 32 32 2F 35 07 07 07 2E 2E 49 2E 2E 07 07 07 2E 2E 2E 2E 07 07 2E 2E 49 2E 2E 07 07 2E 2E 2E 2E 2E 45 07 07 07 07 07 07 07 35 32 32 35 35 35 32 32
32 35 32 32 32 35 35 32 07 07 07 35 35 35 32 32 35 35 35 07 07 2E 2E 2E 2E 2E 2E 2E 07 07 2E 2E 2E 2E 07 2E 2E 2E 2E 2E 2E 2E 07 07 07 09 07 07 07 07 07 07 07 07 07 07 35 32 35 35 35 35 35 32
32 32 32 35 32 35 32 32 07 07 35 2F 35 32 32 2F 35 2F 35 07 07 2E 2E 2E 2E 2E 2E 2E 07 07 2E 2E 2E 2E 07 2E 2E 2E 2E 2E 2E 2E 07 2E 2E 2E 2E 2E 2E 07 3B 37 3B 3B 37 07 32 32 32 35 35 35 35 32
32 32 35 35 32 32 32 07 07 07 35 35 32 32 35 35 35 35 35 07 07 07 2E 2E 2E 2E 2E 07 07 07 2E 2E 2E 2E 07 07 2E 2E 2E 2E 2E 07 07 2E 2E 2E 2E 2E 2E 07 3B 3B 37 37 37 07 07 32 32 35 35 35 32 32
32 35 35 35 32 35 35 07 07 07 35 2F 32 2F 35 2F 35 07 07 07 07 07 07 07 30 08 07 07 07 2E 2E 2E 2E 2E 2E 07 07 08 30 07 07 07 07 07 07 07 07 07 09 07 07 07 25 07 07 07 07 35 32 35 35 32 32 32
35 01 01 32 32 01 35 07 07 07 35 32 32 35 35 35 35 07 07 2E 2E 2E 07 07 2E 2E 2E 2E 2E 2E 2E 2E 2E 2E 2E 2E 2E 2E 2E 2E 07 07 2E 2E 2E 2E 2E 07 2E 07 2E 2E 2E 2E 2E 07 07 35 32 35 32 32 35 35
01 01 01 32 01 01 01 07 07 07 35 2F 32 2F 35 2F 35 07 07 2E 2E 2E 07 2E 2E 2E 2E 2E 2E 2E 2E 2E 2E 2E 2E 2E 2E 2E 2E 2E 2E 07 2E 2E 2E 2E 2E 07 2E 07 2E 2E 2E 2E 2E 07 07 35 32 35 35 32 32 35
35 01 01 32 32 01 01 07 07 07 35 35 32 35 35 35 35 07 07 2E 2E 2E 07 2E 2E 2E 35 35 35 35 01 01 01 01 32 32 32 35 2E 2E 2E 07 2E 2E 2E 2E 2E 07 2E 07 2E 2E 2E 2E 2E 07 07 32 32 35 35 35 32 32
35 35 01 01 32 35 35 07 07 07 35 32 32 32 35 2F 35 07 07 2E 2E 2E 07 2E 2E 35 35 35 01 48 01 01 01 32 32 32 35 35 35 2E 2E 07 2E 2E 2E 2E 2E 07 2E 07 2E 2E 2E 2E 4C 07 07 35 32 32 35 35 35 32
32 35 35 35 32 35 01 07 07 07 07 07 25 07 07 07 07 07 07 07 09 07 07 2E 48 35 35 01 01 01 01 01 32 32 01 01 35 35 35 2E 2E 07 07 07 09 07 07 07 2E 07 07 07 09 07 07 07 07 35 35 32 35 35 32 32
32 32 35 32 32 01 07 07 07 2E 2E 2E 2E 2E 2E 2E 2E 2E 2E 2E 2E 2E 2E 2E 2E 35 35 35 01 01 01 32 32 4F 01 01 01 35 35 2E 2E 2E 2E 2E 2E 2E 2E 2E 2E 2E 2E 2E 2E 2E 2E 07 07 07 35 32 32 35 35 32
32 35 01 32 01 01 07 07 2E 2E 07 07 09 07 07 07 09 07 07 07 09 07 07 2E 2E 35 01 01 01 01 01 01 32 32 01 01 35 35 35 2E 2E 07 07 07 07 30 08 07 07 07 07 07 07 07 2E 2E 07 07 35 35 32 35 35 32
35 01 01 32 01 01 07 07 2E 2E 07 2E 2E 2E 07 2E 2E 2E 07 2E 2E 2E 07 2E 2E 35 35 35 01 01 32 32 32 01 01 01 35 35 35 2E 2E 07 07 2E 2E 2E 2E 2E 07 07 2B 2B 2B 07 2E 2E 07 07 35 35 32 35 35 35
01 01 32 32 35 35 07 07 2E 2E 07 2E 2E 2E 07 2E 2E 2E 07 2E 2E 2E 07 2E 2E 2E 35 35 01 32 32 01 01 01 01 35 35 35 2E 2E 2E 07 2E 2E 2E 2E 2E 2E 2E 07 3B 3B 2B 07 46 2E 07 07 35 35 32 32 35 35
32 32 32 35 35 35 07 07 2E 2E 07 2E 2E 2E 07 2E 2E 2E 07 2E 2E 2E 07 07 2E 2E 2E 35 32 32 01 01 01 01 35 35 35 2E 2E 2E 07 07 2E 2E 2E 2E 2E 2E 49 09 2E 2B 2B 07 2E 2E 07 07 35 35 35 32 32 32
35 35 35 35 35 01 07 07 2E 2E 07 2E 2E 2E 07 2E 2E 2E 07 47 2E 2E 07 07 07 2E 2E 2E 2E 2E 2E 2E 2E 41 2E 2E 2E 2E 2E 07 07 07 2E 2E 2E 2E 2E 2E 2E 07 2B 2B 2B 07 2E 2E 07 07 32 35 35 35 35 35
35 35 35 35 01 01 07 07 2E 2E 07 2E 2E 2E 07 2E 2E 2E 07 2E 2E 2E 07 07 07 07 2E 2E 2E 2E 2E 2E 2E 2E 2E 2E 2E 2E 07 07 07 07 07 2E 2E 2E 2E 2E 07 07 3B 2B 2B 07 2E 2E 07 07 32 32 35 35 35 35
32 35 35 01 01 35 07 07 2E 2E 07 07 07 07 07 07 07 07 07 07 07 07 07 07 07 07 30 08 07 07 07 2E 2E 07 07 07 09 08 07 07 07 07 07 07 07 07 07 07 07 07 07 07 07 07 2E 2E 07 07 35 32 32 35 35 32
32 32 35 35 01 35 07 07 2E 2E 07 07 07 03 07 07 07 2E 2E 2E 2E 2E 2E 2E 2E 2E 2E 2E 2E 2E 07 2E 2E 07 2D 24 2E 24 2D 07 2E 2E 2E 07 2E 07 2E 2E 2E 07 37 37 87 07 2E 2E 07 07 35 35 32 32 32 32
32 32 35 35 35 35 07 07 2E 2E 07 07 2D 2E 2D 07 07 2E 1D 1F 2E 1D 1F 2E 1D 1F 2E 1D 1F 2E 07 2E 2E 07 2E 2E 2E 2E 2E 07 2E 2E 2E 07 2E 07 2E 2E 2E 07 37 87 87 07 2E 2E 07 07 35 35 32 32 32 32
32 32 32 32 35 35 07 07 2E 2E 07 24 2E 2E 2E 24 07 2E 2E 2E 2E 2E 2E 48 2E 2E 2E 2E 48 2E 30 2E 2E 07 2D 24 2E 24 2D 07 07 09 07 07 2E 07 07 09 07 07 87 87 37 07 2E 2E 07 07 35 32 32 35 35 32
32 32 35 32 32 32 07 07 2E 2E 07 3B 2E 2E 2E 44 07 4F 1D 1F 2E 1D 1F 2E 1D 1F 2E 1D 1F 2E 07 2E 2E 07 2E 2E 2E 2E 2E 09 2E 2E 2E 2E 2E 2E 2E 2E 2E 2E 2E 2E 37 07 2E 2E 07 07 32 32 35 35 35 32
32 35 35 32 32 35 07 07 2E 2E 07 3B 2E 2E 2E 44 07 2E 2E 2E 2E 2E 2E 2E 2E 42 2E 2E 2E 2E 07 2E 2E 07 2D 24 2E 24 2D 07 07 57 07 07 07 07 07 07 07 07 09 07 07 07 2E 2E 07 07 32 32 35 35 35 35
35 35 32 32 35 35 07 07 2E 2E 07 24 2E 2E 44 24 07 2E 1D 1F 2E 1D 1F 2E 2E 2E 2E 2E 2E 2E 07 2E 2E 07 2E 2E 2E 2E 2E 07 2D 2E 2D 07 3D 3D 3D 07 26 2E 2E 2E 26 07 2E 2E 07 07 32 32 32 35 35 32
32 32 32 35 35 35 07 07 2E 2E 07 07 2D 2E 44 07 07 2E 2E 2E 2E 2E 2E 2E 07 07 2E 49 2E 07 07 2E 2E 07 2D 24 2E 24 2D 07 2D 2E 2D 07 3D 3D 3D 07 2E 2E 2E 2E 2E 07 2E 2E 07 07 35 32 32 32 35 32
32 32 32 32 32 35 07 07 2E 2E 07 07 08 09 07 07 07 2E 1D 1F 2E 1D 1F 2E 07 07 07 07 07 07 07 2E 2E 07 07 07 07 07 07 07 2E 39 2E 02 3D 3D 3D 07 2E 2E 2E 2E 4B 07 2E 2E 07 07 35 35 32 32 32 32
32 35 35 01 32 32 07 07 2E 2E 57 2E 2E 2E 2E 07 07 2E 2E 4F 2E 2E 2E 2E 07 07 07 07 02 02 02 2E 2E 02 02 02 07 07 07 07 2D 2E 2D 07 3D 3D 3D 07 26 2E 2E 2E 26 07 2E 2E 07 07 35 35 35 32 32 32
35 35 01 01 35 32 07 07 2E 2E 07 07 07 07 07 07 07 07 07 07 08 07 07 07 07 07 4A 2E 2E 07 07 2E 2E 07 07 2E 2E 4A 07 07 07 07 07 07 07 07 07 07 07 07 07 07 07 07 2E 2E 07 07 26 35 35 32 32 32
35 01 01 01 01 32 07 07 2E 2E 07 07 07 07 07 07 07 07 07 07 07 07 07 07 07 07 2E 2D 2E 07 07 2E 2E 07 07 2E 2D 2E 07 07 07 07 07 07 07 07 07 07 07 07 07 07 07 07 2E 2E 07 07 26 35 35 35 32 32
32 01 01 35 32 32 07 07 2E 2E 07 07 35 01 01 01 01 01 35 35 01 01 01 07 07 07 4A 2E 2E 07 07 2E 2E 07 07 2E 2E 4A 07 07 07 01 01 35 35 26 26 35 35 01 01 01 07 07 2E 2E 07 07 35 35 35 32 32 32
32 32 35 32 32 35 07 07 2E 2E 07 07 01 01 35 46 01 01 01 35 35 01 01 07 07 07 07 07 07 07 07 2E 2E 07 07 07 07 07 07 07 07 01 26 26 26 26 35 35 01 01 01 01 07 07 2E 2E 07 07 35 35 32 32 35 32
32 32 32 01 01 01 07 07 2E 2E 07 07 01 35 35 01 01 01 01 35 35 35 01 07 07 07 07 07 07 07 07 2E 2E 07 07 07 07 07 07 07 07 01 01 26 26 35 01 01 01 01 01 01 07 07 2E 2E 07 07 35 32 32 32 32 32
32 32 01 01 01 01 07 07 2E 2E 07 07 01 35 35 35 01 01 35 35 32 32 35 35 35 35 35 35 2E 2E 2E 2E 2E 2E 2E 2E 35 35 35 35 35 35 35 35 35 01 01 01 01 01 01 35 07 07 2E 2E 07 07 32 32 35 35 32 32
32 35 35 01 01 26 07 07 2E 2E 07 07 01 01 35 32 32 32 35 35 35 32 32 32 35 35 2E 2E 2E 2E 2E 2E 2E 2E 2E 2E 2E 2E 35 35 35 35 35 01 01 35 01 01 01 35 35 35 07 07 2E 2E 07 07 32 35 35 35 35 32
35 35 35 07 07 07 07 07 2E 2E 07 07 07 07 07 32 32 35 35 35 35 35 32 32 35 2E 2E 2E 2E 2E 26 26 26 26 2E 2E 2E 2E 2E 35 01 01 01 01 35 35 35 01 01 07 07 07 07 07 2E 2E 07 07 07 07 07 35 35 35
32 35 07 07 07 07 07 07 09 09 07 07 07 07 07 07 32 32 35 35 35 35 32 32 32 2E 2E 2E 2E 26 26 26 26 26 26 2E 2E 2E 2E 32 32 01 01 35 35 01 35 35 07 07 07 07 07 07 09 09 07 07 07 07 07 07 35 35
32 32 23 4D 2E 2E 2E 2E 2E 2E 2E 2E 2E 2E 2E 23 35 32 32 35 35 32 32 32 35 2E 2E 2E 2E 26 26 26 26 26 26 2E 2E 2E 2E 32 32 35 35 35 01 01 01 35 23 2E 2E 2E 2E 2E 2E 2E 2E 2E 2E 2E 2E 23 35 32
32 35 07 07 2E 2E 2E 2E 2E 2E 2E 2E 2E 2E 07 07 35 35 32 32 32 32 32 35 35 2E 2E 2E 2E 2E 26 26 26 26 2E 2E 2E 2E 2E 32 32 32 35 35 35 35 01 01 07 07 2E 2E 2E 2E 2E 2E 2E 2E 2E 2E 07 07 32 32
35 35 07 07 2E 2E 2E 2E 2E 2E 2E 2E 2E 2E 07 07 35 35 35 32 32 32 35 35 35 35 2E 2E 2E 2E 2E 2E 2E 2E 2E 2E 2E 2E 35 35 32 32 32 35 35 35 35 35 07 07 2E 2E 2E 2E 2E 2E 2E 2E 2E 2E 07 07 32 32
32 35 23 2E 2E 2E 2E 2E 2E 2E 2E 2E 2E 2E 2E 23 35 35 35 32 32 32 32 35 35 35 35 35 2E 2E 2E 2E 2E 2E 2E 2E 35 35 35 32 32 32 35 35 35 35 32 35 23 2E 2E 2E 2E 2E 2E 2E 2E 2E 2E 2E 2E 23 32 32
35 35 07 07 07 07 2E 07 07 07 07 2E 07 07 07 07 35 32 32 32 32 32 32 32 32 35 35 35 35 35 35 32 32 35 35 35 35 32 35 35 32 35 35 35 35 35 32 32 07 07 07 07 2E 07 07 07 07 2E 07 07 07 07 35 32
35 35 35 07 07 07 23 07 07 07 07 23 07 07 07 32 32 32 32 32 35 35 35 35 32 32 35 35 35 35 32 32 32 32 35 35 32 32 32 35 35 35 35 35 32 32 32 35 35 07 07 07 23 07 07 07 07 23 07 07 07 35 35 32
32 35 35 35 35 35 35 35 35 35 35 35 35 35 32 32 32 32 35 35 01 35 01 01 35 32 32 32 35 35 32 32 32 32 32 32 32 32 32 32 35 35 35 35 32 32 35 35 35 35 35 35 35 01 01 01 35 01 35 35 35 35 32 32
32 32 35 35 35 35 35 35 32 32 35 35 35 35 35 32 32 35 35 01 01 35 35 01 01 35 01 32 32 32 32 32 32 32 32 32 35 35 35 32 32 35 35 32 32 32 32 35 35 35 35 35 32 35 01 35 01 01 35 35 35 35 35 32
32 32 32 35 35 35 32 32 32 35 35 35 35 35 32 32 32 32 01 01 01 01 32 35 01 01 01 35 32 32 32 32 32 32 32 32 32 35 32 32 32 32 32 32 32 32 32 32 35 35 35 32 32 32 32 35 01 32 32 32 35 35 35 35
32 32 32 32 32 32 32 32 32 32 35 35 32 32 32 32 32 32 32 32 01 32 35 01 01 35 32 32 32 32 32 32 32 32 32 32 32 32 32 32 32 32 32 32 32 32 32 32 32 32 32 32 32 32 32 32 32 32 32 32 32 35 35 35